200
891388122624 29
565199024832 44
12584301976 34
2610969633 44
3274759125 13
26516910168 3
320013504000 1
665567281891 8
857375000 23
356702522688 49
71887512312 45
3395290527 21
747377296875 21
69122916864 43
121434449408 28
104088305664 28
96197825368 24
14014952531 20
2315685267 5
760548465152 43
4649101309 34
270840023 8
34741712447 1
136034659207 45
102766285504 5
438456365173 20
216216072008 9
1058089859 43
632512520704 19
316656746496 13
521854556651 35
3602686437 43
738028013653 28
265104193024 36
4541308416 1
12812904000 29
56667352321 15
11390625 13
385828352 17
310013816832 32
63187463087 36
6321363049 46
180362125000 17
124400959488 17
10388772568 4
886395917016 36
456533000000 10
42289683904 4
451394172711 38
965895229125 18
111980168000 9
27108144064 6
185876128243 36
567663552 39
3157114563 26
177030983375 5
11149348904 1
845785366993 12
347280685389 16
656234909 40
18821096000 46
44211654656 15
833237621000 43
4386781853 23
17014253248 0
140689135601 21
227427812864 23
12633057289 26
320013504000 25
19770609664 10
666482465375 48
24591397312 19
26865224875 39
23369125779 38
872352628875 19
16522921323 9
765307619523 11
922588140375 41
73139516568 38
742938908193 13
33855002875 36
54872000 30
741709148608 15
14402116737 0
342118755784 37
485773018381 31
66184391125 22
44814532608 1
234086572747 40
178738971137 12
733870808 25
2985984000 8
791709840251 9
10133786944 44
877841984375 11
493039000 45
1089547389 49
503978261912 23
53454818663 5
6751269 36
473275506257 5
842034661307 36
558661848256 23
373403541601 12
1442897 46
41063625 11
524972036763 2
963552009133 9
330656110875 14
441232495397 36
2779431416 36
172436661496 23
421537589992 48
364453353207 24
29019350017 4
88299467677 2
1115157653 40
40212592776 5
9261000000 27
86644265625 16
313046839000 26
730215675125 28
461889917 10
831114272808 36
42545099771 6
185973854912 1
52607913723 37
68669157375 39
222214667193 10
4665834711 14
6761990971 2
11015140625 27
31674474944 13
200201625000 7
2171747375 35
36264691000 31
1263214441 9
17800025131 31
148708523592 20
44512413184 32
131872229 17
374493542912 44
999100269973 46
458314011 37
26463592 18
533411731000 45
132105539357 3
15438249000 3
145282709593 26
1416247867 32
204440562971 28
729000 15
147449000187 2
690104032253 38
235799951752 47
11805627933 44
2548895896 17
99381523968 37
43206601229 39
106294343553 16
604422796375 36
2726397773 19
69426531000 22
5359375000 34
195313909608 39
854670349 2
559476224 30
617599532096 20
45232174547 25
82086013736 20
722700234424 21
110177798184 24
896120161721 8
4394826072 24
921167317000 24
685195882496 26
248858189 22
8818423496 9
2738124199 14
6719171103 15
137388096000 29
18253770137 14
52776573751 12
218058504859 29
105823817000 7
144042632488 19
422212590008 15
305637216256 22
514307457728 36
7357983625 34
66972878981 16
128787625000 5
18378843119 29
14067333944 9
451394172711 35
865795668291 24
831114272808 29
98163574397 0
701884320103 21
8205738913 36
